0 
42 
62 
77 
90 
102 
113 
123 
132 
141 
150 
158 
166 
173 
180 
187 
194 
201 
207 
213 
219 
225 
231 
237 
242 
248 
253 
259 
264 
269 
274 
279 
284 
289 
294 
298 
303 
308 
312 
317 
321 
325 
330 
334 
338 
343 
347 
351 
355 
359 
363 
367 
371 
375 
379 
383 
386 
390 
394 
398 
401 
405 
409 
412 
416 
419 
423 
426 
430 
433 
437 
440 
444 
447 
450 
454 
457 
460 
464 
467 
470 
473 
477 
480 
483 
486 
489 
492 
495 
499 
502 
505 
508 
511 
514 
517 
520 
523 
526 
529 
532 
534 
537 
540 
543 
546 
549 
552 
554 
557 
560 
563 
566 
568 
571 
574 
577 
579 
582 
585 
588 
590 
593 
596 
598 
601 
604 
606 
609 
611 
614 
617 
619 
622 
624 
627 
629 
632 
635 
637 
640 
642 
645 
647 
650 
652 
654 
657 
659 
662 
664 
667 
669 
672 
674 
676 
679 
681 
684 
686 
688 
691 
693 
695 
698 
700 
702 
705 
707 
709 
712 
714 
716 
719 
721 
723 
725 
728 
730 
732 
734 
737 
739 
741 
743 
746 
748 
750 
752 
754 
757 
759 
761 
763 
765 
767 
770 
772 
774 
776 
778 
780 
782 
785 
787 
789 
791 
793 
795 
797 
799 
801 
804 
806 
808 
810 
812 
814 
816 
818 
820 
822 
824 
826 
828 
830 
832 
834 
836 
838 
840 
842 
844 
846 
848 
850 
852 
854 
856 
858 
860 
862 
864 
866 
868 
870 
872 
874 
876 
878 
880 
882 
884 
886 
888 
889 
891 
893 
895 
897 
899 
901 
903 
905 
907 
908 
910 
912 
914 
916 
918 
920 
922 
923 
925 
927 
929 
931 
933 
935 
936 
938 
940 
942 
944 
946 
947 
949 
951 
953 
955 
956 
958 
960 
962 
964 
965 
967 
969 
971 
973 
974 
976 
978 
980 
981 
983 
985 
987 
989 
990 
992 
994 
996 
997 
999 
1001 
1003 
1004 
1006 
1008 
1009 
1011 
1013 
1015 
1016 
1018 
1020 
1022 
1023 
1025 
1027 
1028 
1030 
1032 
1033 
1035 
1037 
1039 
1040 
1042 
1044 
1045 
1047 
1049 
1050 
1052 
1054 
1055 
1057 
1059 
1060 
1062 
1064 
1065 
1067 
1069 
1070 
1072 
1074 
1075 
1077 
1078 
1080 
1082 
1083 
1085 
1087 
1088 
1090 
1092 
1093 
1095 
1096 
1098 
1100 
1101 
1103 
1104 
1106 
1108 
1109 
1111 
1112 
1114 
1116 
1117 
1119 
1120 
1122 
1124 
1125 
1127 
1128 
1130 
1131 
1133 
1135 
1136 
1138 
1139 
1141 
1142 
1144 
1146 
1147 
1149 
1150 
1152 
1153 
1155 
1156 
1158 
1160 
1161 
1163 
1164 
1166 
1167 
1169 
1170 
1172 
1173 
1175 
1176 
1178 
1179 
1181 
1183 
1184 
1186 
1187 
1189 
1190 
1192 
1193 
1195 
1196 
1198 
1199 
1201 
1202 
1204 
1205 
1207 
1208 
1210 
1211 
1213 
1214 
1216 
1217 
1219 
1220 
1222 
1223 
1224 
1226 
1227 
1229 
1230 
1232 
1233 
1235 
1236 
1238 
1239 
1241 
1242 
1244 
1245 
1246 
1248 
1249 
1251 
1252 
1254 
1255 
1257 
1258 
1259 
1261 
1262 
1264 
1265 
1267 
1268 
1270 
1271 
1272 
1274 
1275 
1277 
1278 
1280 
1281 
1282 
1284 
1285 
1287 
1288 
1290 
1291 
1292 
1294 
1295 
1297 
1298 
1299 
1301 
1302 
1304 
1305 
1306 
1308 
1309 
1311 
1312 
1313 
1315 
1316 
1318 
1319 
1320 
1322 
1323 
1325 
1326 
1327 
1329 
1330 
1331 
1333 
1334 
1336 
1337 
1338 
1340 
1341 
1342 
1344 
1345 
1347 
1348 
1349 
1351 
1352 
1353 
1355 
1356 
1357 
1359 
1360 
1361 
1363 
1364 
1366 
1367 
1368 
1370 
1371 
1372 
1374 
1375 
1376 
1378 
1379 
1380 
1382 
1383 
1384 
1386 
1387 
1388 
1390 
1391 
1392 
1394 
1395 
1396 
1398 
1399 
1400 
1402 
1403 
1404 
1406 
1407 
1408 
1410 
1411 
1412 
1413 
1415 
1416 
1417 
1419 
1420 
1421 
1423 
1424 
1425 
1427 
1428 
1429 
1430 
1432 
1433 
1434 
1436 
1437 
1438 
1440 
1441 
1442 
1443 
1445 
1446 
1447 
1449 
1450 
1451 
1452 
1454 
1455 
1456 
1458 
1459 
1460 
1461 
1463 
1464 
1465 
1467 
1468 
1469 
1470 
1472 
1473 
1474 
1475 
1477 
1478 
1479 
1480 
1482 
1483 
1484 
1486 
1487 
1488 
1489 
1491 
1492 
1493 
1494 
1496 
1497 
1498 
1499 
1501 
1502 
1503 
1504 
1506 
1507 
1508 
1509 
1511 
1512 
1513 
1514 
1516 
1517 
1518 
1519 
1520 
1522 
1523 
1524 
1525 
1527 
1528 
1529 
1530 
1532 
1533 
1534 
1535 
1537 
1538 
1539 
1540 
1541 
1543 
1544 
1545 
1546 
1548 
1549 
1550 
1551 
1552 
1554 
1555 
1556 
1557 
1558 
1560 
1561 
1562 
1563 
1565 
1566 
1567 
1568 
1569 
1571 
1572 
1573 
1574 
1575 
1577 
1578 
1579 
1580 
1581 
1583 
1584 
1585 
1586 
1587 
1589 
1590 
1591 
1592 
1593 
1594 
1596 
1597 
1598 
1599 
1600 
1602 
1603 
1604 
1605 
1606 
1608 
1609 
1610 
1611 
1612 
1613 
1615 
1616 
1617 
1618 
1619 
1620 
1622 
1623 
1624 
1625 
1626 
1628 
1629 
1630 
1631 
1632 
1633 
1635 
1636 
1637 
1638 
1639 
1640 
1642 
1643 
1644 
1645 
1646 
1647 
1648 
1650 
1651 
1652 
1653 
1654 
1655 
1657 
1658 
1659 
1660 
1661 
1662 
1663 
1665 
1666 
1667 
1668 
1669 
1670 
1672 
1673 
1674 
1675 
1676 
1677 
1678 
1680 
1681 
1682 
1683 
1684 
1685 
1686 
1687 
1689 
1690 
1691 
1692 
1693 
1694 
1695 
1697 
1698 
1699 
1700 
1701 
1702 
1703 
1704 
1706 
1707 
1708 
1709 
1710 
1711 
1712 
1713 
1715 
1716 
1717 
1718 
1719 
1720 
1721 
1722 
1724 
1725 
1726 
1727 
1728 
1729 
1730 
1731 
1732 
1734 
1735 
1736 
1737 
1738 
1739 
1740 
1741 
1742 
1744 
1745 
1746 
1747 
1748 
1749 
1750 
1751 
1752 
1753 
1755 
1756 
1757 
1758 
1759 
1760 
1761 
1762 
1763 
1764 
1766 
1767 
1768 
1769 
1770 
1771 
1772 
1773 
1774 
1775 
1776 
1778 
1779 
1780 
1781 
1782 
1783 
1784 
1785 
1786 
1787 
1788 
1789 
1791 
1792 
1793 
1794 
1795 
1796 
1797 
1798 
1799 
1800 
1801 
1802 
1804 
1805 
1806 
1807 
1808 
1809 
1810 
1811 
1812 
1813 
1814 
1815 
1816 
1817 
1819 
1820 
1821 
1822 
1823 
1824 
1825 
1826 
1827 
1828 
1829 
1830 
1831 
1832 
1833 
1834 
1836 
1837 
1838 
1839 
1840 
1841 
1842 
1843 
1844 
1845 
1846 
1847 
1848 
1849 
1850 
1851 
1852 
1853 
1855 
1856 
1857 
1858 
1859 
1860 
1861 
1862 
1863 
1864 
1865 
1866 
1867 
1868 
1869 
1870 
1871 
1872 
1873 
1874 
1875 
1877 
1878 
1879 
1880 
1881 
1882 
1883 
1884 
1885 
1886 
1887 
1888 
1889 
1890 
1891 
1892 
1893 
1894 
1895 
1896 
1897 
1898 
1899 
1900 
1901 
1902 
1903 
1904 
1906 
1907 
1908 
1909 
1910 
1911 
1912 
1913 
1914 
1915 
1916 
1917 
1918 
1919 
1920 
1921 
1922 
1923 
1924 
1925 
1926 
1927 
1928 
1929 
1930 
1931 
1932 
1933 
1934 
1935 
1936 
1937 
1938 
1939 
1940 
1941 
1942 
1943 
1944 
1945 
1946 
1947 
1948 
1949 
1950 
1951 
1952 
1953 
1954 
1955 
1956 
1957 
1958 
1959 
1960 
1961 
1962 
1963 
1964 
1965 
1966 
1967 
1968 
1969 
1970 
1971 
1972 
1973 
1974 
1975 
1976 
1977 
1978 
1979 
1980 
1981 
1982 
1983 
1984 
1985 
1986 
1987 
1988 
1989 
1990 
1991 
1992 
1993 
1994 
1995 
1996 
1997 
1998 
1999 
2000 
2001 
2002 
2003 
2004 
2005 
2006 
2007 
2008 
2009 
2010 
2011 
2012 
2013 
2014 
2015 
2016 
2017 
2018 
2019 
2020 
2021 
2022 
2023 
2024 
2025 
2026 
2027 
2028 
2029 
2030 
2031 
2032 
2033 
2034 
2035 
2036 
2037 
2038 
2039 
2039 
2040 
2041 
2042 
2043 
2044 
2045 
2046 
2047 
2048 
2049 
2050 
2051 
2052 
2053 
2054 
2055 
2056 
2057 
2058 
2059 
2060 
2061 
2062 
2063 
2064 
2065 
2066 
2067 
2068 
2069 
2069 
2070 
2071 
2072 
2073 
2074 
2075 
2076 
2077 
2078 
2079 
2080 
2081 
2082 
2083 
2084 
2085 
2086 
2087 
2088 
2089 
2090 
2091 
2091 
2092 
2093 
2094 
2095 
2096 
2097 
2098 
2099 
2100 
2101 
2102 
2103 
2104 
2105 
2106 
2107 
2108 
2109 
2110 
2110 
2111 
2112 
2113 
2114 
2115 
2116 
2117 
2118 
2119 
2120 
2121 
2122 
2123 
2124 
2125 
2126 
2127 
2127 
2128 
2129 
2130 
2131 
2132 
2133 
2134 
2135 
2136 
2137 
2138 
2139 
2140 
2141 
2141 
2142 
2143 
2144 
2145 
2146 
2147 
2148 
2149 
2150 
2151 
2152 
2153 
2154 
2155 
2155 
2156 
2157 
2158 
2159 
2160 
2161 
2162 
2163 
2164 
2165 
2166 
2167 
2168 
2168 
2169 
2170 
2171 
2172 
2173 
2174 
2175 
2176 
2177 
2178 
2179 
2180 
2180 
2181 
2182 
2183 
2184 
2185 
2186 
2187 
2188 
2189 
2190 
2191 
2192 
2192 
2193 
2194 
2195 
2196 
2197 
2198 
2199 
2200 
2201 
2202 
2202 
2203 
2204 
2205 
2206 
2207 
2208 
2209 
2210 
2211 
2212 
2213 
2213 
2214 
2215 
2216 
2217 
2218 
2219 
2220 
2221 
2222 
2223 
2223 
2224 
2225 
2226 
2227 
2228 
2229 
2230 
2231 
2232 
2232 
2233 
2234 
2235 
2236 
2237 
2238 
2239 
2240 
2241 
2241 
2242 
2243 
2244 
2245 
2246 
2247 
2248 
2249 
2250 
2250 
2251 
2252 
2253 
2254 
2255 
2256 
2257 
2258 
2259 
2259 
2260 
2261 
2262 
2263 
2264 
2265 
2266 
2267 
2267 
2268 
2269 
2270 
2271 
2272 
2273 
2274 
2275 
2275 
2276 
2277 
2278 
2279 
2280 
2281 
2282 
2283 
2283 
2284 
2285 
2286 
2287 
2288 
2289 
2290 
2291 
2291 
2292 
2293 
2294 
2295 
2296 
2297 
2298 
2299 
2299 
2300 
2301 
2302 
2303 
2304 
2305 
2306 
2306 
2307 
2308 
2309 
2310 
2311 
2312 
2313 
2313 
2314 
2315 
2316 
2317 
2318 
2319 
2320 
2320 
2321 
2322 
2323 
2324 
2325 
2326 
2327 
2327 
2328 
2329 
2330 
2331 
2332 
2333 
2334 
2334 
2335 
2336 
2337 
2338 
2339 
2340 
2341 
2341 
2342 
2343 
2344 
2345 
2346 
2347 
2348 
2348 
2349 
2350 
2351 
2352 
2353 
2354 
2354 
2355 
2356 
2357 
2358 
2359 
2360 
2360 
2361 
2362 
2363 
2364 
2365 
2366 
2367 
2367 
2368 
2369 
2370 
2371 
2372 
2373 
2373 
2374 
2375 
2376 
2377 
2378 
2379 
2379 
2380 
2381 
2382 
2383 
2384 
2385 
2385 
2386 
2387 
2388 
2389 
2390 
2391 
2391 
2392 
2393 
2394 
2395 
2396 
2397 
2397 
2398 
2399 
2400 
2401 
2402 
2402 
2403 
2404 
2405 
2406 
2407 
2408 
2408 
2409 
2410 
2411 
2412 
2413 
2414 
2414 
2415 
2416 
2417 
2418 
2419 
2419 
2420 
2421 
2422 
2423 
2424 
2425 
2425 
2426 
2427 
2428 
2429 
2430 
2430 
2431 
2432 
2433 
2434 
2435 
2435 
2436 
2437 
2438 
2439 
2440 
2441 
2441 
2442 
2443 
2444 
2445 
2446 
2446 
2447 
2448 
2449 
2450 
2451 
2451 
2452 
2453 
2454 
2455 
2456 
2456 
2457 
2458 
2459 
2460 
2461 
2461 
2462 
2463 
2464 
2465 
2466 
2466 
2467 
2468 
2469 
2470 
2471 
2471 
2472 
2473 
2474 
2475 
2476 
2476 
2477 
2478 
2479 
2480 
2481 
2481 
2482 
2483 
2484 
2485 
2486 
2486 
2487 
2488 
2489 
2490 
2490 
2491 
2492 
2493 
2494 
2495 
2495 
2496 
2497 
2498 
2499 
2500 
2500 
2501 
2502 
2503 
2504 
2505 
2505 
2506 
2507 
2508 
2509 
2509 
2510 
2511 
2512 
2513 
2514 
2514 
2515 
2516 
2517 
2518 
2518 
2519 
2520 
2521 
2522 
2523 
2523 
2524 
2525 
2526 
2527 
2527 
2528 
2529 
2530 
2531 
2532 
2532 
2533 
2534 
2535 
2536 
2536 
2537 
2538 
2539 
2540 
2540 
2541 
2542 
2543 
2544 
2545 
2545 
2546 
2547 
2548 
2549 
2549 
2550 
2551 
2552 
2553 
2553 
2554 
2555 
2556 
2557 
2558 
2558 
2559 
2560 
2561 
2562 
2562 
2563 
2564 
2565 
2566 
2566 
2567 
2568 
2569 
2570 
2570 
2571 
2572 
2573 
2574 
2574 
2575 
2576 
2577 
2578 
2578 
2579 
2580 
2581 
2582 
2582 
2583 
2584 
2585 
2586 
2586 
2587 
2588 
2589 
2590 
2590 
2591 
2592 
2593 
2594 
2594 
2595 
2596 
2597 
2598 
2598 
2599 
2600 
2601 
2602 
2602 
2603 
2604 
2605 
2606 
2606 
2607 
2608 
2609 
2610 
2610 
2611 
2612 
2613 
2614 
2614 
2615 
2616 
2617 
2618 
2618 
2619 
2620 
2621 
2622 
2622 
2623 
2624 
2625 
2625 
2626 
2627 
2628 
2629 
2629 
2630 
2631 
2632 
2633 
2633 
2634 
2635 
2636 
2637 
2637 
2638 
2639 
2640 
2640 
2641 
2642 
2643 
2644 
2644 
2645 
2646 
2647 
2648 
2648 
2649 
2650 
2651 
2651 
2652 
2653 
2654 
2655 
2655 
2656 
2657 
2658 
2659 
2659 
2660 
2661 
2662 
2662 
2663 
2664 
2665 
2666 
2666 
2667 
2668 
2669 
2669 
2670 
2671 
2672 
2673 
2673 
2674 
2675 
2676 
2677 
2677 
2678 
2679 
2680 
2680 
2681 
2682 
2683 
2684 
2684 
2685 
2686 
2687 
2687 
2688 
2689 
2690 
2690 
2691 
2692 
2693 
2694 
2694 
2695 
2696 
2697 
2697 
2698 
2699 
2700 
2701 
2701 
2702 
2703 
2704 
2704 
2705 
2706 
2707 
2708 
2708 
2709 
2710 
2711 
2711 
2712 
2713 
2714 
2714 
2715 
2716 
2717 
2718 
2718 
2719 
2720 
2721 
2721 
2722 
2723 
2724 
2724 
2725 
2726 
2727 
2728 
2728 
2729 
2730 
2731 
2731 
2732 
2733 
2734 
2734 
2735 
2736 
2737 
2737 
2738 
2739 
2740 
2741 
2741 
2742 
2743 
2744 
2744 
2745 
2746 
2747 
2747 
2748 
2749 
2750 
2750 
2751 
2752 
2753 
2753 
2754 
2755 
2756 
2757 
2757 
2758 
2759 
2760 
2760 
2761 
2762 
2763 
2763 
2764 
2765 
2766 
2766 
2767 
2768 
2769 
2769 
2770 
2771 
2772 
2772 
2773 
2774 
2775 
2775 
2776 
2777 
2778 
2779 
2779 
2780 
2781 
2782 
2782 
2783 
2784 
2785 
2785 
2786 
2787 
2788 
2788 
2789 
2790 
2791 
2791 
2792 
2793 
2794 
2794 
2795 
2796 
2797 
2797 
2798 
2799 
2800 
2800 
2801 
2802 
2803 
2803 
2804 
2805 
2806 
2806 
2807 
2808 
2809 
2809 
2810 
2811 
2812 
2812 
2813 
2814 
2815 
2815 
2816 
2817 
2818 
2818 
2819 
2820 
2821 
2821 
2822 
2823 
2824 
2824 
2825 
2826 
2827 
2827 
2828 
2829 
2829 
2830 
2831 
2832 
2832 
2833 
2834 
2835 
2835 
2836 
2837 
2838 
2838 
2839 
2840 
2841 
2841 
2842 
2843 
2844 
2844 
2845 
2846 
2847 
2847 
2848 
2849 
2850 
2850 
2851 
2852 
2852 
2853 
2854 
2855 
2855 
2856 
2857 
2858 
2858 
2859 
2860 
2861 
2861 
2862 
2863 
2864 
2864 
2865 
2866 
2867 
2867 
2868 
2869 
2869 
2870 
2871 
2872 
2872 
2873 
2874 
2875 
2875 
2876 
2877 
2878 
2878 
2879 
2880 
2880 
2881 
2882 
2883 
2883 
2884 
2885 
2886 
2886 
2887 
2888 
2889 
2889 
2890 
2891 
2891 
2892 
2893 
2894 
2894 
2895 
2896 
2897 
2897 
2898 
2899 
2899 
2900 
2901 
2902 
2902 
2903 
2904 
2905 
2905 
2906 
2907 
2908 
2908 
2909 
2910 
2910 
2911 
2912 
2913 
2913 
2914 
2915 
2916 
2916 
2917 
2918 
2918 
2919 
2920 
2921 
2921 
2922 
2923 
2923 
2924 
2925 
2926 
2926 
2927 
2928 
2929 
2929 
2930 
2931 
2931 
2932 
2933 
2934 
2934 
2935 
2936 
2937 
2937 
2938 
2939 
2939 
2940 
2941 
2942 
2942 
2943 
2944 
2944 
2945 
2946 
2947 
2947 
2948 
2949 
2949 
2950 
2951 
2952 
2952 
2953 
2954 
2955 
2955 
2956 
2957 
2957 
2958 
2959 
2960 
2960 
2961 
2962 
2962 
2963 
2964 
2965 
2965 
2966 
2967 
2967 
2968 
2969 
2970 
2970 
2971 
2972 
2972 
2973 
2974 
2975 
2975 
2976 
2977 
2977 
2978 
2979 
2980 
2980 
2981 
2982 
2982 
2983 
2984 
2985 
2985 
2986 
2987 
2987 
2988 
2989 
2990 
2990 
2991 
2992 
2992 
2993 
2994 
2995 
2995 
2996 
2997 
2997 
2998 
2999 
2999 
3000 
3001 
3002 
3002 
3003 
3004 
3004 
3005 
3006 
3007 
3007 
3008 
3009 
3009 
3010 
3011 
3012 
3012 
3013 
3014 
3014 
3015 
3016 
3016 
3017 
3018 
3019 
3019 
3020 
3021 
3021 
3022 
3023 
3024 
3024 
3025 
3026 
3026 
3027 
3028 
3028 
3029 
3030 
3031 
3031 
3032 
3033 
3033 
3034 
3035 
3035 
3036 
3037 
3038 
3038 
3039 
3040 
3040 
3041 
3042 
3043 
3043 
3044 
3045 
3045 
3046 
3047 
3047 
3048 
3049 
3050 
3050 
3051 
3052 
3052 
3053 
3054 
3054 
3055 
3056 
3057 
3057 
3058 
3059 
3059 
3060 
3061 
3061 
3062 
3063 
3063 
3064 
3065 
3066 
3066 
3067 
3068 
3068 
3069 
3070 
3070 
3071 
3072 
3073 
3073 
3074 
3075 
3075 
3076 
3077 
3077 
3078 
3079 
3080 
3080 
3081 
3082 
3082 
3083 
3084 
3084 
3085 
3086 
3086 
3087 
3088 
3089 
3089 
3090 
3091 
3091 
3092 
3093 
3093 
3094 
3095 
3095 
3096 
3097 
3098 
3098 
3099 
3100 
3100 
3101 
3102 
3102 
3103 
3104 
3104 
3105 
3106 
3106 
3107 
3108 
3109 
3109 
3110 
3111 
3111 
3112 
3113 
3113 
3114 
3115 
3115 
3116 
3117 
3118 
3118 
3119 
3120 
3120 
3121 
3122 
3122 
3123 
3124 
3124 
3125 
3126 
3126 
3127 
3128 
3128 
3129 
3130 
3131 
3131 
3132 
3133 
3133 
3134 
3135 
3135 
3136 
3137 
3137 
3138 
3139 
3139 
3140 
3141 
3141 
3142 
3143 
3144 
3144 
3145 
3146 
3146 
3147 
3148 
3148 
3149 
3150 
3150 
3151 
3152 
3152 
3153 
3154 
3154 
3155 
3156 
3156 
3157 
3158 
3159 
3159 
3160 
3161 
3161 
3162 
3163 
3163 
3164 
3165 
3165 
3166 
3167 
3167 
3168 
3169 
3169 
3170 
3171 
3171 
3172 
3173 
3173 
3174 
3175 
3176 
3176 
3177 
3178 
3178 
3179 
3180 
3180 
3181 
3182 
3182 
3183 
3184 
3184 
3185 
3186 
3186 
3187 
3188 
3188 
3189 
3190 
3190 
3191 
3192 
3192 
3193 
3194 
3194 
3195 
3196 
3196 
3197 
3198 
3198 
3199 
3200 
3200 
3201 
3202 
3202 
3203 
3204 
3205 
3205 
3206 
3207 
3207 
3208 
3209 
3209 
3210 
3211 
3211 
3212 
3213 
3213 
3214 
3215 
3215 
3216 
3217 
3217 
3218 
3219 
3219 
3220 
3221 
3221 
3222 
3223 
3223 
3224 
3225 
3225 
3226 
3227 
3227 
3228 
3229 
3229 
3230 
3231 
3231 
3232 
3233 
3233 
3234 
3235 
3235 
3236 
3237 
3237 
3238 
3239 
3239 
3240 
3241 
3241 
3242 
3243 
3243 
3244 
3245 
3245 
3246 
3247 
3247 
3248 
3249 
3249 
3250 
3251 
3251 
3252 
3253 
3253 
3254 
3255 
3255 
3256 
3257 
3257 
3258 
3259 
3259 
3260 
3261 
3261 
3262 
3263 
3263 
3264 
3265 
3265 
3266 
3267 
3267 
3268 
3269 
3269 
3270 
3271 
3271 
3272 
3272 
3273 
3274 
3274 
3275 
3276 
3276 
3277 
3278 
3278 
3279 
3280 
3280 
3281 
3282 
3282 
3283 
3284 
3284 
3285 
3286 
3286 
3287 
3288 
3288 
3289 
3290 
3290 
3291 
3292 
3292 
3293 
3294 
3294 
3295 
3296 
3296 
3297 
3298 
3298 
3299 
3299 
3300 
3301 
3301 
3302 
3303 
3303 
3304 
3305 
3305 
3306 
3307 
3307 
3308 
3309 
3309 
3310 
3311 
3311 
3312 
3313 
3313 
3314 
3315 
3315 
3316 
3317 
3317 
3318 
3318 
3319 
3320 
3320 
3321 
3322 
3322 
3323 
3324 
3324 
3325 
3326 
3326 
3327 
3328 
3328 
3329 
3330 
3330 
3331 
3332 
3332 
3333 
3333 
3334 
3335 
3335 
3336 
3337 
3337 
3338 
3339 
3339 
3340 
3341 
3341 
3342 
3343 
3343 
3344 
3345 
3345 
3346 
3346 
3347 
3348 
3348 
3349 
3350 
3350 
3351 
3352 
3352 
3353 
3354 
3354 
3355 
3356 
3356 
3357 
3357 
3358 
3359 
3359 
3360 
3361 
3361 
3362 
3363 
3363 
3364 
3365 
3365 
3366 
3367 
3367 
3368 
3368 
3369 
3370 
3370 
3371 
3372 
3372 
3373 
3374 
3374 
3375 
3376 
3376 
3377 
3377 
3378 
3379 
3379 
3380 
3381 
3381 
3382 
3383 
3383 
3384 
3385 
3385 
3386 
3386 
3387 
3388 
3388 
3389 
3390 
3390 
3391 
3392 
3392 
3393 
3394 
3394 
3395 
3395 
3396 
3397 
3397 
3398 
3399 
3399 
3400 
3401 
3401 
3402 
3403 
3403 
3404 
3404 
3405 
3406 
3406 
3407 
3408 
3408 
3409 
3410 
3410 
3411 
3411 
3412 
3413 
3413 
3414 
3415 
3415 
3416 
3417 
3417 
3418 
3418 
3419 
3420 
3420 
3421 
3422 
3422 
3423 
3424 
3424 
3425 
3426 
3426 
3427 
3427 
3428 
3429 
3429 
3430 
3431 
3431 
3432 
3433 
3433 
3434 
3434 
3435 
3436 
3436 
3437 
3438 
3438 
3439 
3439 
3440 
3441 
3441 
3442 
3443 
3443 
3444 
3445 
3445 
3446 
3446 
3447 
3448 
3448 
3449 
3450 
3450 
3451 
3452 
3452 
3453 
3453 
3454 
3455 
3455 
3456 
3457 
3457 
3458 
3458 
3459 
3460 
3460 
3461 
3462 
3462 
3463 
3464 
3464 
3465 
3465 
3466 
3467 
3467 
3468 
3469 
3469 
3470 
3470 
3471 
3472 
3472 
3473 
3474 
3474 
3475 
3475 
3476 
3477 
3477 
3478 
3479 
3479 
3480 
3481 
3481 
3482 
3482 
3483 
3484 
3484 
3485 
3486 
3486 
3487 
3487 
3488 
3489 
3489 
3490 
3491 
3491 
3492 
3492 
3493 
3494 
3494 
3495 
3496 
3496 
3497 
3497 
3498 
3499 
3499 
3500 
3501 
3501 
3502 
3502 
3503 
3504 
3504 
3505 
3506 
3506 
3507 
3507 
3508 
3509 
3509 
3510 
3511 
3511 
3512 
3512 
3513 
3514 
3514 
3515 
3516 
3516 
3517 
3517 
3518 
3519 
3519 
3520 
3521 
3521 
3522 
3522 
3523 
3524 
3524 
3525 
3526 
3526 
3527 
3527 
3528 
3529 
3529 
3530 
3530 
3531 
3532 
3532 
3533 
3534 
3534 
3535 
3535 
3536 
3537 
3537 
3538 
3539 
3539 
3540 
3540 
3541 
3542 
3542 
3543 
3544 
3544 
3545 
3545 
3546 
3547 
3547 
3548 
3548 
3549 
3550 
3550 
3551 
3552 
3552 
3553 
3553 
3554 
3555 
3555 
3556 
3556 
3557 
3558 
3558 
3559 
3560 
3560 
3561 
3561 
3562 
3563 
3563 
3564 
3565 
3565 
3566 
3566 
3567 
3568 
3568 
3569 
3569 
3570 
3571 
3571 
3572 
3573 
3573 
3574 
3574 
3575 
3576 
3576 
3577 
3577 
3578 
3579 
3579 
3580 
3580 
3581 
3582 
3582 
3583 
3584 
3584 
3585 
3585 
3586 
3587 
3587 
3588 
3588 
3589 
3590 
3590 
3591 
3592 
3592 
3593 
3593 
3594 
3595 
3595 
3596 
3596 
3597 
3598 
3598 
3599 
3599 
3600 
3601 
3601 
3602 
3603 
3603 
3604 
3604 
3605 
3606 
3606 
3607 
3607 
3608 
3609 
3609 
3610 
3610 
3611 
3612 
3612 
3613 
3614 
3614 
3615 
3615 
3616 
3617 
3617 
3618 
3618 
3619 
3620 
3620 
3621 
3621 
3622 
3623 
3623 
3624 
3624 
3625 
3626 
3626 
3627 
3628 
3628 
3629 
3629 
3630 
3631 
3631 
3632 
3632 
3633 
3634 
3634 
3635 
3635 
3636 
3637 
3637 
3638 
3638 
3639 
3640 
3640 
3641 
3641 
3642 
3643 
3643 
3644 
3644 
3645 
3646 
3646 
3647 
3648 
3648 
3649 
3649 
3650 
3651 
3651 
3652 
3652 
3653 
3654 
3654 
3655 
3655 
3656 
3657 
3657 
3658 
3658 
3659 
3660 
3660 
3661 
3661 
3662 
3663 
3663 
3664 
3664 
3665 
3666 
3666 
3667 
3667 
3668 
3669 
3669 
3670 
3670 
3671 
3672 
3672 
3673 
3673 
3674 
3675 
3675 
3676 
3676 
3677 
3678 
3678 
3679 
3679 
3680 
3681 
3681 
3682 
3682 
3683 
3684 
3684 
3685 
3685 
3686 
3687 
3687 
3688 
3688 
3689 
3690 
3690 
3691 
3691 
3692 
3693 
3693 
3694 
3694 
3695 
3696 
3696 
3697 
3697 
3698 
3699 
3699 
3700 
3700 
3701 
3702 
3702 
3703 
3703 
3704 
3705 
3705 
3706 
3706 
3707 
3708 
3708 
3709 
3709 
3710 
3711 
3711 
3712 
3712 
3713 
3714 
3714 
3715 
3715 
3716 
3717 
3717 
3718 
3718 
3719 
3719 
3720 
3721 
3721 
3722 
3722 
3723 
3724 
3724 
3725 
3725 
3726 
3727 
3727 
3728 
3728 
3729 
3730 
3730 
3731 
3731 
3732 
3733 
3733 
3734 
3734 
3735 
3736 
3736 
3737 
3737 
3738 
3738 
3739 
3740 
3740 
3741 
3741 
3742 
3743 
3743 
3744 
3744 
3745 
3746 
3746 
3747 
3747 
3748 
3749 
3749 
3750 
3750 
3751 
3752 
3752 
3753 
3753 
3754 
3754 
3755 
3756 
3756 
3757 
3757 
3758 
3759 
3759 
3760 
3760 
3761 
3762 
3762 
3763 
3763 
3764 
3764 
3765 
3766 
3766 
3767 
3767 
3768 
3769 
3769 
3770 
3770 
3771 
3772 
3772 
3773 
3773 
3774 
3774 
3775 
3776 
3776 
3777 
3777 
3778 
3779 
3779 
3780 
3780 
3781 
3782 
3782 
3783 
3783 
3784 
3784 
3785 
3786 
3786 
3787 
3787 
3788 
3789 
3789 
3790 
3790 
3791 
3792 
3792 
3793 
3793 
3794 
3794 
3795 
3796 
3796 
3797 
3797 
3798 
3799 
3799 
3800 
3800 
3801 
3801 
3802 
3803 
3803 
3804 
3804 
3805 
3806 
3806 
3807 
3807 
3808 
3808 
3809 
3810 
3810 
3811 
3811 
3812 
3813 
3813 
3814 
3814 
3815 
3815 
3816 
3817 
3817 
3818 
3818 
3819 
3820 
3820 
3821 
3821 
3822 
3822 
3823 
3824 
3824 
3825 
3825 
3826 
3827 
3827 
3828 
3828 
3829 
3829 
3830 
3831 
3831 
3832 
3832 
3833 
3833 
3834 
3835 
3835 
3836 
3836 
3837 
3838 
3838 
3839 
3839 
3840 
3840 
3841 
3842 
3842 
3843 
3843 
3844 
3845 
3845 
3846 
3846 
3847 
3847 
3848 
3849 
3849 
3850 
3850 
3851 
3851 
3852 
3853 
3853 
3854 
3854 
3855 
3855 
3856 
3857 
3857 
3858 
3858 
3859 
3860 
3860 
3861 
3861 
3862 
3862 
3863 
3864 
3864 
3865 
3865 
3866 
3866 
3867 
3868 
3868 
3869 
3869 
3870 
3870 
3871 
3872 
3872 
3873 
3873 
3874 
3875 
3875 
3876 
3876 
3877 
3877 
3878 
3879 
3879 
3880 
3880 
3881 
3881 
3882 
3883 
3883 
3884 
3884 
3885 
3885 
3886 
3887 
3887 
3888 
3888 
3889 
3889 
3890 
3891 
3891 
3892 
3892 
3893 
3893 
3894 
3895 
3895 
3896 
3896 
3897 
3897 
3898 
3899 
3899 
3900 
3900 
3901 
3901 
3902 
3903 
3903 
3904 
3904 
3905 
3906 
3906 
3907 
3907 
3908 
3908 
3909 
3910 
3910 
3911 
3911 
3912 
3912 
3913 
3914 
3914 
3915 
3915 
3916 
3916 
3917 
3917 
3918 
3919 
3919 
3920 
3920 
3921 
3921 
3922 
3923 
3923 
3924 
3924 
3925 
3925 
3926 
3927 
3927 
3928 
3928 
3929 
3929 
3930 
3931 
3931 
3932 
3932 
3933 
3933 
3934 
3935 
3935 
3936 
3936 
3937 
3937 
3938 
3939 
3939 
3940 
3940 
3941 
3941 
3942 
3943 
3943 
3944 
3944 
3945 
3945 
3946 
3946 
3947 
3948 
3948 
3949 
3949 
3950 
3950 
3951 
3952 
3952 
3953 
3953 
3954 
3954 
3955 
3956 
3956 
3957 
3957 
3958 
3958 
3959 
3960 
3960 
3961 
3961 
3962 
3962 
3963 
3963 
3964 
3965 
3965 
3966 
3966 
3967 
3967 
3968 
3969 
3969 
3970 
3970 
3971 
3971 
3972 
3972 
3973 
3974 
3974 
3975 
3975 
3976 
3976 
3977 
3978 
3978 
3979 
3979 
3980 
3980 
3981 
3982 
3982 
3983 
3983 
3984 
3984 
3985 
3985 
3986 
3987 
3987 
3988 
3988 
3989 
3989 
3990 
3991 
3991 
3992 
3992 
3993 
3993 
3994 
3994 
3995 
3996 
3996 
3997 
3997 
3998 
3998 
3999 
3999 
4000 
4001 
4001 
4002 
4002 
4003 
4003 
4004 
4005 
4005 
4006 
4006 
4007 
4007 
4008 
4008 
4009 
4010 
4010 
4011 
4011 
4012 
4012 
4013 
4013 
4014 
4015 
4015 
4016 
4016 
4017 
4017 
4018 
4019 
4019 
4020 
4020 
4021 
4021 
4022 
4022 
4023 
4024 
4024 
4025 
4025 
4026 
4026 
4027 
4027 
4028 
4029 
4029 
4030 
4030 
4031 
4031 
4032 
4032 
4033 
4034 
4034 
4035 
4035 
4036 
4036 
4037 
4037 
4038 
4039 
4039 
4040 
4040 
4041 
4041 
4042 
4042 
4043 
4044 
4044 
4045 
4045 
4046 
4046 
4047 
4047 
4048 
4049 
4049 
4050 
4050 
4051 
4051 
4052 
4052 
4053 
4054 
4054 
4055 
4055 
4056 
4056 
4057 
4057 
4058 
4059 
4059 
4060 
4060 
4061 
4061 
4062 
4062 
4063 
4064 
4064 
4065 
4065 
4066 
4066 
4067 
4067 
4068 
4069 
4069 
4070 
4070 
4071 
4071 
4072 
4072 
4073 
4074 
4074 
4075 
4075 
4076 
4076 
4077 
4077 
4078 
4078 
4079 
4080 
4080 
4081 
4081 
4082 
4082 
4083 
4083 
4084 
4085 
4085 
4086 
4086 
4087 
4087 
4088 
4088 
4089 
4089 
4090 
4091 
4091 
4092 
4092 
4093 
4093 
4094 
4094 
4095 
