[LeftTransferStation]
locJig_10= 736.838 521.144 44.375 0.000
locJig_06= 207.019 780.981 43.609 0.000
locJig_07= 107.053 780.981 43.482 0.000
locJig_00= 836.804 780.981 44.412 0.000
locJig_01= 736.838 780.981 44.284 0.000
locJig_02= 636.872 780.981 44.157 0.000
locJig_03= 521.911 780.981 44.010 0.000
locJig_22= 436.940 259.308 44.084 0.000
locJig_23= 836.804 -2.527 44.685 0.000
locJig_19= 736.838 259.308 44.466 0.000
locBCR= 158.149 388.434 0.000 0.000
locJig_20= 636.872 259.308 44.339 0.000
locJig_18= 836.804 259.308 44.593 0.000
locLoad= 23.190 103.552 142.327 0.000
locJig_21= 536.906 259.308 44.211 0.000
locJig_17= 7.087 521.144 43.445 0.000
locJig_26= 536.906 -2.527 44.303 0.000
locJig_16= 107.053 521.144 43.573 0.000
locJig_08= 7.087 780.981 43.355 0.000
locJig_27= 436.940 -2.527 44.175 0.000
locJig_15= 207.019 521.144 43.700 0.000
locJig_09= 836.804 521.144 44.502 0.000
locJig_24= 736.838 -2.527 44.557 0.000
locJig_14= 321.980 521.144 43.846 0.000
locUnload= 23.389 331.528 141.564 0.000
locJig_25= 636.872 -2.527 44.430 0.000
locJig_13= 421.945 521.144 43.974 0.000
locJig_12= 521.911 521.144 44.101 0.000
locJig_04= 421.945 780.981 43.883 0.000
locJig_11= 636.872 521.144 44.247 0.000
locJig_05= 321.980 780.981 43.756 0.000
locNG= 243.746 66.112 41.388 0.000
[RightTransferStation]
locJig_10= 727.985 521.952 45.202 0.000
locJig_06= 199.133 782.214 45.188 0.000
locJig_07= 99.258 782.215 45.209 0.000
locJig_00= 828.349 782.206 45.056 0.000
locJig_01= 728.473 782.207 45.077 0.000
locJig_02= 628.598 782.209 45.098 0.000
locJig_03= 513.741 782.210 45.122 0.000
locJig_22= -1.598 259.702 45.482 0.000
locJig_23= 397.412 -2.560 45.524 0.000
locJig_19= 298.028 259.699 45.419 0.000
locBCR= 672.641 364.360 0.000 0.000
locJig_20= 198.153 259.700 45.440 0.000
locJig_18= 397.904 259.698 45.398 0.000
locLoad= 812.559 105.385 141.802 0.000
locJig_21= 98.278 259.701 45.461 0.000
locJig_17= -1.106 521.960 45.356 0.000
locJig_26= 97.785 -2.557 45.587 0.000
locJig_16= 98.770 521.959 45.335 0.000
locJig_08= -0.618 782.216 45.231 0.000
locJig_27= -2.090 -2.556 45.609 0.000
locJig_15= 198.645 521.958 45.314 0.000
locJig_09= 827.860 521.951 45.181 0.000
locJig_24= 297.536 -2.559 45.545 0.000
locJig_14= 313.502 521.956 45.289 0.000
locUnload= 812.559 334.245 142.586 0.000
locJig_25= 197.661 -2.558 45.566 0.000
locJig_13= 413.377 521.955 45.268 0.000
locJig_12= 513.253 521.954 45.247 0.000
locJig_04= 413.866 782.211 45.143 0.000
locJig_11= 628.109 521.953 45.223 0.000
locJig_05= 313.990 782.212 45.164 0.000
locNG= 592.060 58.132 38.595 0.000
[LeftPPStation]
locWait= 133.564 0.000 0.000 0.000
locBuff= 4.277 0.000 0.000 0.000
locCV= 245.590 0.000 0.000 0.000
[RightPPStation]
locWait= 136.819 0.000 0.000 0.000
locBuff= 5.810 0.000 0.000 0.000
locCV= 245.198 0.000 0.000 0.000
